8.472222222222222099e-01 8.159722222222222099e-01 8.333333333333333703e-01
4.722222222222222099e-01 4.861111111111111049e-01 4.340277777777777901e-01
5.104166666666666297e-01 5.347222222222222099e-01 4.861111111111111049e-01
5.000000000000000000e-01 5.902777777777777901e-01 4.861111111111111049e-01
9.722222222222222099e-01 9.652777777777777901e-01 9.756944444444444198e-01
5.277777777777777901e-01 5.069444444444444198e-01 5.243055555555555802e-01
4.548611111111111049e-01 4.895833333333333148e-01 5.069444444444444198e-01
5.000000000000000000e-01 4.444444444444444198e-01 4.652777777777777901e-01
9.409722222222222099e-01 9.201388888888888395e-01 9.131944444444444198e-01
5.173611111111111605e-01 5.347222222222222099e-01 5.069444444444444198e-01
5.138888888888888395e-01 5.416666666666666297e-01 4.756944444444444198e-01
5.208333333333333703e-01 5.138888888888888395e-01 5.034722222222222099e-01
8.923611111111111605e-01 8.819444444444444198e-01 9.305555555555555802e-01
4.583333333333333148e-01 4.791666666666666852e-01 4.756944444444444198e-01
4.409722222222222099e-01 5.312500000000000000e-01 4.756944444444444198e-01
4.861111111111111049e-01 4.722222222222222099e-01 4.618055555555555802e-01
8.993055555555555802e-01 9.201388888888888395e-01 9.236111111111111605e-01
5.347222222222222099e-01 5.520833333333333703e-01 4.895833333333333148e-01
5.347222222222222099e-01 5.451388888888888395e-01 5.277777777777777901e-01
4.965277777777777901e-01 4.895833333333333148e-01 5.000000000000000000e-01
8.854166666666666297e-01 8.854166666666666297e-01 9.062500000000000000e-01
5.416666666666666297e-01 5.451388888888888395e-01 5.069444444444444198e-01
5.034722222222222099e-01 4.756944444444444198e-01 4.930555555555555802e-01
5.069444444444444198e-01 5.138888888888888395e-01 5.138888888888888395e-01
6.215277777777777901e-01 6.875000000000000000e-01 7.256944444444444198e-01
5.208333333333333703e-01 4.895833333333333148e-01 5.312500000000000000e-01
5.208333333333333703e-01 4.895833333333333148e-01 4.722222222222222099e-01
5.104166666666666297e-01 5.729166666666666297e-01 5.034722222222222099e-01
9.201388888888888395e-01 9.062500000000000000e-01 9.201388888888888395e-01
4.791666666666666852e-01 4.548611111111111049e-01 5.069444444444444198e-01
4.930555555555555802e-01 4.965277777777777901e-01 5.069444444444444198e-01
5.520833333333333703e-01 5.451388888888888395e-01 5.104166666666666297e-01
9.722222222222222099e-01 9.826388888888888395e-01 9.756944444444444198e-01
5.868055555555555802e-01 5.416666666666666297e-01 5.277777777777777901e-01
5.069444444444444198e-01 5.347222222222222099e-01 5.416666666666666297e-01
5.138888888888888395e-01 4.930555555555555802e-01 4.826388888888888951e-01
6.041666666666666297e-01 5.763888888888888395e-01 5.868055555555555802e-01
5.277777777777777901e-01 5.173611111111111605e-01 4.861111111111111049e-01
5.138888888888888395e-01 5.000000000000000000e-01 4.791666666666666852e-01
5.277777777777777901e-01 5.347222222222222099e-01 5.069444444444444198e-01
7.465277777777777901e-01 7.048611111111111605e-01 7.187500000000000000e-01
5.277777777777777901e-01 5.520833333333333703e-01 4.791666666666666852e-01
5.000000000000000000e-01 4.930555555555555802e-01 5.138888888888888395e-01
5.381944444444444198e-01 4.895833333333333148e-01 5.000000000000000000e-01
9.166666666666666297e-01 8.993055555555555802e-01 8.819444444444444198e-01
4.756944444444444198e-01 5.138888888888888395e-01 4.930555555555555802e-01
5.138888888888888395e-01 5.173611111111111605e-01 4.965277777777777901e-01
3.750000000000000000e-01 5.381944444444444198e-01 5.104166666666666297e-01
